0   34.434927  49.334712  33.795367
1  -55.382226  71.053610 -32.984136
2  -88.907807  68.849260  65.443037
3  -45.068803 -51.373909 -88.847740
4  -78.751739 -66.701568  95.235849
5   71.246539  91.780275  97.608392
6  -48.981635 -46.215974  56.646003
7    0.716533 -42.428457 -12.809766
8   64.281283  97.652050 -10.255882
9   58.152714  18.041451 -93.579957
10 -61.426656  73.623518 -89.452636
11 -91.556438  91.095750  88.259268
12 -38.278976  55.926798  -0.427501
13  57.754220 -34.637380 -96.054396
14  16.116748  88.016583 -47.592692